Processed number of images:  19247
Classification accuracy:  0.9718917233854627
Sensitivity:  0.9116107175854635
Specificity:  0.984125
Precision:  0.9209707529558183
F1-score:  0.9162668317597896
F2-score:  0.9134674731514627